54.47756757 18.54963631 
54.4777248624 18.5496288312 
54.4778025474 18.549649857 
54.4778262864 18.5496062698 
54.4777754033 18.5496341066 
54.4777507018 18.549623939 
54.477895018 18.5495750857 
54.4780035621 18.5495336995 
54.4780735348 18.5495018261 
54.4781192598 18.5494741244 
54.478149985 18.5494546126 
54.4781743043 18.5494369721 
54.4781989914 18.5494161195 
54.4782255442 18.5494014655 
54.4782552616 18.5493893944 
54.4782838086 18.5493704592 
54.478313819 18.5493522841 
54.4783364236 18.5493211074 
54.4783638534 18.5492877255 
54.4783901585 18.5492584587 
54.4784201839 18.5492418526 
54.478455128 18.5492448719 
54.478489891 18.5492607774 
54.4785234934 18.5492835064 
54.4785514673 18.5493250936 
54.4785755022 18.5493764646 
54.478595451 18.5494276128 
54.4786296239 18.549477095 
54.4786603964 18.5495288911 
54.4786829219 18.549589738 
54.478699611 18.5496488917 
54.4787109443 18.5497072448 
54.4787193179 18.5497652101 
54.478731162 18.5498201178 
54.4787398074 18.5498708849 
54.4787381364 18.5499208841 
54.4787410877 18.5499695558 
54.4787554032 18.5500201218 
54.4787719628 18.5500728353 
54.4787822402 18.5501248646 
54.4787923832 18.5501795411 
54.4787922603 18.5502382283 
54.4787899882 18.5502918235 
54.4787898001 18.550351066 
54.4787989659 18.5504119214 
54.4788122896 18.5504691217 
54.4788246317 18.5505196624 
54.4788310286 18.5505713368 
54.4788308122 18.5506200767 
54.4788309313 18.55067013 
54.4788329852 18.5507225197 
54.4788414242 18.5507841612 
54.4788461551 18.5508429002 
54.4788601286 18.5508942343 
54.4788730788 18.5509413401 
54.478891801 18.5509836615 
54.4789177594 18.5510174981 
54.4789408815 18.5510548739 
54.4789579337 18.5510968595 
54.4789738364 18.5511450449 
54.478984856 18.551202091 
54.4789915175 18.5512618349 
54.4789996852 18.5513199471 
54.4790082777 18.5513804456 
54.4790183536 18.551431306 
54.4790295297 18.5514760249 
54.4790417377 18.5515297048 
54.4790563314 18.5515877128 
54.4790678909 18.5516401514 
54.4790783881 18.5516966382 
54.4790897842 18.5517497851 
54.4791070741 18.5518005292 
54.4791161812 18.5518557777 
54.4791220192 18.5519064685 
54.4791429863 18.5519506715 
54.4791617099 18.5519936009 
54.4791809559 18.5520422757 
54.4791931429 18.5520991361 
54.4792019167 18.5521540085 
54.4792131041 18.5522014967 
54.4792238958 18.5522479247 
54.4792351132 18.552295152 
54.4792416456 18.5523414871 
54.479255275 18.5523927536 
54.4792473134 18.5524264723 
54.479236601 18.5524668033 
54.4792298073 18.5525156808 
54.4792257534 18.5525644815 
54.4792232605 18.5526155392 
54.479221808 18.5526765717 
54.4792273123 18.5527362459 
54.4792358166 18.5527959523 
54.4792471934 18.5528511759 
54.4792627626 18.5529060692 
54.4792857716 18.5529521392 
54.4793136874 18.5529744884 
54.4793378052 18.5529999697 
54.4793612599 18.5530343559 
54.4793846514 18.5530737315 
54.4794013651 18.5531173716 
54.4794180339 18.553162485 
54.4794306894 18.5532129657 
54.4794484388 18.5532638986 
54.4794636163 18.5533220756 
54.4794778223 18.5533732153 
54.4794940478 18.5534242948 
54.4795128878 18.5534713555 
54.4795298092 18.5535138191 
54.4795457201 18.5535611348 
54.4795615021 18.5536040528 
54.4795739573 18.5536470798 
54.4795873738 18.5536910599 
54.47960201 18.553735953 
54.4796234376 18.5537718338 
54.479643839 18.5538212056 
54.4796591008 18.5538790004 
54.4796719427 18.5539432798 
54.4796777546 18.5540008711 
54.479681782 18.5540546064 
54.4796884997 18.5541068532 
54.4796955269 18.5541603683 
54.4797024856 18.5542121981 
54.4797074661 18.5542640127 
54.4797117254 18.5543160271 
54.4797103073 18.5543721186 
54.4797044181 18.5544334035 
54.4797030072 18.5544992432 
54.4797045173 18.5545588061 
54.4797083531 18.5546133653 
54.4797177311 18.5546712496 
54.4797267321 18.5547222429 
54.479733797 18.5547770516 
54.4797385526 18.5548375533 
54.4797433473 18.5549011169 
54.4797390722 18.5549584358 
54.4797374855 18.5550134945 
54.4797404896 18.5550725805 
54.4797430282 18.5551297575 
54.4797480272 18.5551811995 
54.4797541757 18.5552292136 
54.4797556414 18.5552774849 
54.4797585683 18.5553314238 
54.479766038 18.555383766 
54.4797718337 18.5554340736 
54.479775804 18.5554869792 
54.4797762421 18.555540341 
54.4797760157 18.5556005445 
54.4797802719 18.5556579961 
54.4797883823 18.5557096429 
54.4797965833 18.5557613207 
54.4797993492 18.5558110358 
54.4798061145 18.5558707174 
54.4798119631 18.5559375015 
54.4798209172 18.5559975274 
54.4798281939 18.5560495353 
54.4798363153 18.5561003466 
54.4798413201 18.5561518166 
54.4798464987 18.5561996228 
54.4798465155 18.5562546112 
54.4798497527 18.556313368 
54.4798577758 18.5563645674 
54.4798642305 18.5564120023 
54.479866643 18.5564656373 
54.4798732604 18.55652182 
54.4798798791 18.5565765948 
54.4798890028 18.5566257772 
54.4798949368 18.5566801523 
54.479902983 18.5567341876 
54.4799109127 18.5567834889 
54.4799211159 18.5568315452 
54.4799343274 18.5568827522 
54.4799418296 18.5569356975 
54.4799481997 18.5569973753 
54.4799571088 18.5570593063 
54.4799700071 18.5571096296 
54.4799815275 18.5571582037 
54.4799917035 18.5572157179 
54.4800054733 18.5572747281 
54.4800196806 18.5573336444 
54.4800300577 18.5573919332 
54.4800420894 18.5574523745 
54.480052499 18.5575167344 
54.4800607078 18.5575718255 
54.480062632 18.5576320625 
54.4800610592 18.5576853837 
54.4800567925 18.5577468324 
54.4800523758 18.55780884 
54.4800541376 18.557874499 
54.480053746 18.55793621 
54.4800536326 18.557995386 
54.4800497718 18.5580550157 
54.4800473304 18.5581086781 
54.480047985 18.5581637273 
54.4800476906 18.5582179235 
54.4800451431 18.5582701163 
54.4800428579 18.5583278831 
54.4800426317 18.5583869248 
54.4800404651 18.5584392053 
54.4800428501 18.5584911939 
54.4800447265 18.5585508346 
54.4800518679 18.5586127802 
54.4800490042 18.5586692557 
54.4800418782 18.5587256558 
54.4800347265 18.5587817205 
54.4800290843 18.5588400833 
54.4800213698 18.5589003605 
54.4800118902 18.558958347 
54.4800036026 18.5590157286 
54.4799979033 18.5590705439 
54.4799898478 18.559127264 
54.4799813324 18.5591835999 
54.4799745535 18.5592344939 
54.4799680301 18.5592887644 
54.4799583618 18.559345432 
54.4799543664 18.559407331 
54.4799506716 18.559461468 
54.4799484794 18.5595122619 
54.4799407697 18.5595669986 
54.4799425121 18.5596535052 
54.4799422251 18.5597265708 
54.4799430174 18.559828615 
54.4799447707 18.5599118713 
54.4799472381 18.5599744204 
54.4799480881 18.5600314488 
54.4799499733 18.5600903626 
54.4799559304 18.5601469643 
54.4799606715 18.5602070062 
54.4799573356 18.5602741776 
54.4799576738 18.5603307244 
54.4799633361 18.5603880687 
54.4799709031 18.5604447593 
54.47997731 18.560507209 
54.479979354 18.5605648045 
54.4799817336 18.5606184621 
54.4799823162 18.5606800253 
54.4799841015 18.5607403588 
54.4799832517 18.5608004523 
54.4799833028 18.5608531148 
54.4799877882 18.5609132441 
54.4799910572 18.5609744524 
54.4799936434 18.561028087 
54.4800009245 18.5610787063 
54.480008298 18.5611331705 
54.4800176809 18.5611883528 
54.4800258389 18.5612394096 
54.4800356919 18.5612943721 
54.4800413818 18.5613547816 
54.4800463697 18.5614194433 
54.4800491682 18.5614786213 
54.4800530248 18.5615373704 
54.480053924 18.5615890905 
54.4800567 18.5616382946 
54.4800640945 18.5616892097 
54.4800736437 18.5617407472 
54.4800831352 18.5617981464 
54.480095066 18.5618551149 
54.4801052994 18.561910057 
54.4801236035 18.5619592996 
54.480142513 18.5620097055 
54.4801565541 18.5620604406 
54.4801632296 18.562114239 
54.480167382 18.5621722557 
54.4801745307 18.5622224031 
54.4801772766 18.5622720924 
54.4801808536 18.5623238888 
54.4801978622 18.5623718711 
54.4802215558 18.5624120094 
54.4802306102 18.5624601522 
54.480233147 18.5625164343 
54.4802357428 18.5625737997 
54.4802292161 18.5626355522 
54.4802222651 18.5626996794 
54.4802140537 18.5627664159 
54.4802188527 18.5628281957 
54.4802163786 18.5628790582 
54.4802042571 18.5629347856 
54.4801727885 18.562961971 
54.4801480418 18.5629957889 
54.4801305092 18.5630353328 
54.4801092898 18.5630684742 
54.4800838781 18.5630864115 
54.4800682082 18.5631210724 
54.4800556765 18.5631685219 
54.4800447255 18.5632153304 
54.4800241539 18.5632646775 
54.4800079254 18.5633202564 
54.479988713 18.5633698343 
54.4799633698 18.5634041313 
54.4799301294 18.5634164926 
54.4798964801 18.5634165748 
54.479862662 18.5634126242 
54.4798308182 18.5634108968 
54.4797992974 18.5634097028 
54.4797655501 18.5634150775 
54.4797300868 18.5634118694 
54.4796985866 18.5634099584 
54.4796693959 18.5634036494 
54.4796373332 18.5634018358 
54.479601914 18.563401418 
54.479568654 18.5634077878 
54.4795377442 18.5634113694 
54.4795063938 18.5634063858 
54.4794752823 18.563398753 
54.4794444106 18.5633937535 
54.479413467 18.5633902592 
54.4793839575 18.5633906949 
54.4793523774 18.5633974751 
54.4793181897 18.5633964331 
54.4792873381 18.5633907393 
54.4792574829 18.5633800741 
54.4792268595 18.563368434 
54.4791965748 18.5633540364 
54.4791658217 18.5633491381 
54.4791333118 18.5633427588 
54.4791002959 18.5633367392 
54.4790692163 18.5633311537 
54.4790382404 18.5633296604 
54.4790024913 18.5633391395 
54.4789685869 18.5633406105 
54.4789295166 18.5633425561 
54.4788902627 18.5633344316 
54.4788539836 18.5633127555 
54.4788247132 18.5632882777 
54.4787927563 18.5632762886 
54.4787627603 18.5632753137 
54.4787297205 18.5632724306 
54.4786934868 18.5632632172 
54.4786564271 18.5632626998 
54.4786197297 18.5632620582 
54.4785849423 18.5632709579 
54.478550427 18.5632789945 
54.478519959 18.5632845916 
54.478484489 18.5632907628 
54.4784506259 18.5632896173 
54.4784186832 18.5632788231 
54.4783899657 18.5632668297 
54.4783618568 18.5632510768 
54.4783344868 18.5632412625 
54.4783058292 18.5632309754 
54.4782792397 18.5632166677 
54.4782465313 18.5632029862 
54.4782137791 18.5631950848 
54.47817581 18.563183566 
54.478136242 18.5631761674 
54.478097104 18.563168001 
54.4780594229 18.5631625683 
54.4780232447 18.5631583631 
54.4779926129 18.5631544733 
54.4779599851 18.563153627 
54.47792788 18.5631475371 
54.4778967845 18.5631382655 
54.4778672044 18.5631296694 
54.4778337588 18.5631182519 
54.4778015125 18.5631095309 
54.4777718946 18.5630962617 
54.4777409493 18.5630805385 
54.4777100911 18.5630632565 
54.4776784515 18.5630437067 
54.4776477597 18.563028581 
54.4776197513 18.5630056071 
54.4775934292 18.5629786531 
54.4775652564 18.5629499691 
54.4775353121 18.5629212731 
54.4775058192 18.5628961414 
54.4774722791 18.5628776075 
54.4774417324 18.5628623035 
54.4774092477 18.5628407487 
54.4773766854 18.5628183702 
54.4773480558 18.5627914401 
54.4773171248 18.5627670578 
54.4772834216 18.5627421096 
54.4772498122 18.5627192388 
54.4772212495 18.5626967247 
54.4771899153 18.5626716334 
54.4771614313 18.5626397308 
54.4771355419 18.5626036321 
54.477110482 18.5625632478 
54.4770853548 18.5625153292 
54.4770604747 18.5624702957 
54.4770469819 18.5624101908 
54.4770480196 18.562353183 
54.4770595215 18.5623019997 
54.477070384 18.5622468204 
54.4770781004 18.562189324 
54.4770655512 18.5621419313 
54.477036749 18.5621091404 
54.4770015753 18.5620935472 
54.4769674708 18.5620850383 
54.4769276363 18.5620748649 
54.476891367 18.5620629628 
54.4768613996 18.5620446007 
54.476831618 18.5620236618 
54.4768035179 18.5619972702 
54.4767752447 18.5619584106 
54.4767434097 18.561944239 
54.4767151405 18.561956796 
54.4766815987 18.5619725872 
54.4766502208 18.5619876861 
54.4766154698 18.5619996822 
54.4765802065 18.5620046622 
54.4765432277 18.5620120167 
54.4765030922 18.5620161839 
54.4764607797 18.5620304584 
54.476424347 18.5620523182 
54.4763929144 18.5620721149 
54.4763610275 18.5620926738 
54.4763275902 18.5620886322 
54.476290505 18.5620865487 
54.4762538235 18.5620850222 
54.4762181342 18.5620697431 
54.4761819307 18.5620565928 
54.4761473959 18.5620399694 
54.4761175068 18.5620220673 
54.476083001 18.5620138402 
54.4760514002 18.5619989168 
54.4760160346 18.5619830898 
54.4759853483 18.5619450353 
54.4759578558 18.5619083531 
54.4759453471 18.5618608685 
54.4759339898 18.5618064928 
54.4759238383 18.5617566888 
54.4759094882 18.5617094966 
54.4758880316 18.5616707857 
54.4758654289 18.5616306254 
54.4758411017 18.5615889031 
54.4758248063 18.5615377617 
54.4758158791 18.5614775049 
54.4758122955 18.5614164448 
54.4758020788 18.5613628608 
54.4758033062 18.5613149541 
54.475790256 18.5612724009 
54.4757752546 18.5612259672 
54.4757769605 18.5611808875 
54.4757828469 18.5611329176 
54.4757862897 18.5610840023 
54.4757828377 18.5610262231 
54.4757644884 18.5609841966 
54.475736313 18.56096295 
54.4757094227 18.5609280523 
54.4756899035 18.5608863823 
54.4756610235 18.5608543698 
54.4756374667 18.5608211934 
54.475637781 18.5607698376 
54.47564661 18.5607117977 
54.475663039 18.5606608441 
54.4756634574 18.5606129987 
54.4756464155 18.5605656343 
54.4756214904 18.5605280933 
54.4755845252 18.5604965675 
54.4755582566 18.5604587073 
54.4755496038 18.5604142115 
54.4755440824 18.5603678515 
54.4755556499 18.5603146351 
54.4755734934 18.5602613344 
54.4755928693 18.5602011878 
54.4755891227 18.5601423182 
54.4755815917 18.5600898769 
54.4755768486 18.5600309397 
54.4755608411 18.5599778834 
54.4755368324 18.5599381617 
54.4755094269 18.5599110531 
54.4754859954 18.5598794143 
54.4754675147 18.5598310086 
54.4754512598 18.5597752394 
54.4754358859 18.5597254643 
54.4754141104 18.5596905101 
54.4753987861 18.5596416024 
54.4753798151 18.559597588 
54.4753577117 18.5595630818 
54.475334619 18.5595245815 
54.4753181805 18.5594821472 
54.4752989055 18.5594419694 
54.4752781023 18.5594082059 
54.4752581343 18.5593760149 
54.4752383087 18.5593320437 
54.4752421281 18.5592850714 
54.4752387535 18.5592414694 
54.4752282797 18.5591993281 
54.4752084288 18.5591630066 
54.4751978009 18.5591108832 
54.4751800215 18.5590713973 
54.4751610895 18.5590270689 
54.4751431355 18.5589809309 
54.4751244132 18.5589318718 
54.4751076967 18.558886663 
54.4750959522 18.558832906 
54.4750856576 18.5587756554 
54.4750787342 18.5587238662 
54.4750755405 18.558672763 
54.4750814514 18.5586238847 
54.4750844015 18.558567648 
54.4750843026 18.5585082406 
54.4750747801 18.5584575074 
54.4750681841 18.5584027087 
54.4750700682 18.5583407684 
54.4750632932 18.5582640465 
54.4750594582 18.5582011512 
54.4750613207 18.5581462637 
54.4750615475 18.5580885762 
54.4750511742 18.5580401973 
54.4750384171 18.5579952063 
54.475021815 18.5579538538 
54.47500685 18.5579074036 
54.4749962267 18.5578504178 
54.474984759 18.5577942291 
54.4749626554 18.557735913 
54.474949538 18.5576680539 
54.4749413636 18.5576104158 
54.4749351413 18.5575598088 
54.4749322571 18.5575132171 
54.474928304 18.557459177 
54.4749205702 18.5574075123 
54.474912031 18.5573602437 
54.4748961002 18.5573156063 
54.4748756356 18.5572795275 
54.4748544067 18.557234482 
54.4748337946 18.5571851915 
54.4748208817 18.5571302935 
54.4748019649 18.5570781207 
54.4747880608 18.5570253604 
54.4747789199 18.5569661238 
54.4747689784 18.5569088356 
54.4747528481 18.5568559479 
54.4747343067 18.5568132189 
54.4747172837 18.5567603891 
54.4747005735 18.5567127949 
54.4746822096 18.5566722799 
54.4746589186 18.5566323229 
54.4746382641 18.5565845823 
54.474620548 18.556532899 
54.4745976467 18.5564865097 
54.4745794664 18.5564345032 
54.4745680072 18.5563771234 
54.4745496721 18.5563397534 
54.4745353264 18.5562928029 
54.4745162952 18.5562462106 
54.474489657 18.5561981782 
54.4744582034 18.5561606783 
54.4744263163 18.55615752 
54.4744058146 18.556133041 
54.4743938175 18.5560903708 
54.4743690025 18.5560694576 
54.4743565312 18.5560320201 
54.4743473594 18.5559819502 
54.4743315257 18.5559345177 
54.4743134572 18.5558940079 
54.4742945891 18.5558464166 
54.4742778864 18.5558010037 
54.4742569615 18.5557534731 
54.4742315839 18.5557039609 
54.474209297 18.5556619751 
54.4741844754 18.5556263115 
54.4741512276 18.5555978252 
54.4741216778 18.555573617 
54.4740949042 18.5555469082 
54.4740702284 18.5555152463 
54.4740475191 18.5554838264 
54.4740249257 18.5554522708 
54.4739985667 18.555420667 
54.4739728264 18.5553816628 
54.4739457781 18.5553464581 
54.4739157256 18.5553224958 
54.4738884187 18.5553007473 
54.4738608479 18.5552764526 
54.473831824 18.55525926 
54.473800669 18.5552342547 
54.4737709371 18.5552006365 
54.4737434408 18.5551658216 
54.4737281401 18.5551126966 
54.4737205012 18.5550510005 
54.4737203219 18.5549894112 
54.4737238189 18.5549211321 
54.473735559 18.5548635351 
54.4737535626 18.5548083848 
54.4737796372 18.5547661721 
54.4738080199 18.5547375575 
54.4738418576 18.5547219376 
54.4738783023 18.5547032114 
54.4739147092 18.5546952292 
54.4739508419 18.5546830871 
54.4739858193 18.5546659927 
54.4740164432 18.5546529559 
54.4740472543 18.5546470008 
54.4740805921 18.5546377135 
54.4741155843 18.554627407 
54.4741479832 18.5546143166 
54.474176135 18.5545943395 
54.4742054079 18.5545814948 
54.4742331263 18.5545729627 
54.4742646089 18.5545713746 
54.4742983577 18.5545657103 
54.4743357603 18.554561159 
54.4743721974 18.5545511923 
54.4744115883 18.5545503065 
54.474445722 18.5545434551 
54.4744766191 18.5545518211 
54.4745098693 18.5545565778 
54.4745531932 18.5545603088 
54.4745947359 18.5545702862 
54.4746292785 18.5545800608 
54.4746589442 18.5545864997 
54.4746900728 18.5545876954 
54.4747187337 18.5545770706 
54.474749925 18.5545638733 
54.4747782961 18.5545481481 
54.4748058108 18.5545305878 
54.4748389947 18.5545187723 
54.4748758469 18.5545090904 
54.4749129306 18.5545048436 
54.474945856 18.554506091 
54.4749775473 18.554505831 
54.47501079 18.5544973403 
54.4750452924 18.5544882098 
54.4750786432 18.5544782599 
54.4751121532 18.5544697492 
54.4751418514 18.5544589011 
54.4751737728 18.5544482557 
54.4752046771 18.5544430075 
54.4752373997 18.5544428929 
54.4752712535 18.5544379855 
54.4753040378 18.5544281099 
54.4753376682 18.5544163323 
54.4753705457 18.5544093814 
54.4754036136 18.5544030201 
54.4754337706 18.5543999672 
54.4754653803 18.5543964894 
54.4755004783 18.554388224 
54.4755317415 18.5543730113 
54.4755659625 18.5543564404 
54.4756027041 18.5543418726 
54.4756343581 18.5543248602 
54.4756648954 18.5543109106 
54.4756920577 18.5542962959 
54.4757143876 18.5542561326 
54.4757267442 18.5542087815 
54.4757403497 18.5541589656 
54.4757590134 18.5541240036 
54.4757840768 18.5540884551 
54.4758072751 18.5540392377 
54.4758171892 18.5539847747 
54.4758157839 18.5539169612 
54.4758136673 18.5538518981 
54.4758120164 18.5537951416 
54.4758218862 18.5537390267 
54.4758284171 18.5536831274 
54.4758228463 18.5536226133 
54.4758112101 18.5535725202 
54.4758117781 18.5535286025 
54.4758284577 18.5535025505 
54.4758577781 18.5534860572 
54.475896214 18.5534800429 
54.475934945 18.5534719159 
54.475970357 18.5534748857 
54.4760046766 18.5534823435 
54.4760382934 18.5534839842 
54.4760697843 18.5534825688 
54.4761002104 18.5534798787 
54.4761293112 18.5534732087 
54.4761579921 18.5534712171 
54.4761863729 18.5534642472 
54.4762141429 18.5534578088 
54.4762278684 18.553427871 
54.4762401306 18.5533800165 
54.4762526234 18.5533202875 
54.4762631824 18.55325251 
54.4762657859 18.5531839222 
54.4762673193 18.5531218858 
54.4762645366 18.5530685122 
54.4762716174 18.5530097084 
54.476286802 18.5529590256 
54.4763123838 18.5529226645 
54.4763465913 18.5529040449 
54.4763816823 18.5528963904 
54.4764161264 18.5528971534 
54.4764485891 18.5528888077 
54.4764597862 18.552854293 
54.4764525392 18.552808416 
54.4764429875 18.5527528471 
54.4764433573 18.5526913353 
54.4764419549 18.5526316426 
54.4764426324 18.5525697545 
54.4764630864 18.5525177845 
54.4764806023 18.552464759 
54.4764831765 18.5524128507 
54.4764730181 18.5523677253 
54.4764573514 18.5523186289 
54.476456839 18.5522609825 
54.4764495709 18.5522055323 
54.4764388026 18.5521508124 
54.4764273559 18.5521015281 
54.4764165997 18.552055911 
54.4764135476 18.552004663 
54.4764224611 18.5519530982 
54.4764364887 18.5518992161 
54.4764401024 18.5518500701 
54.4764414385 18.5518006125 
54.4764437024 18.5517533174 
54.4764453577 18.5516950595 
54.4764456128 18.5516376556 
54.4764428373 18.5515799085 
54.4764380016 18.5515231531 
54.4764349165 18.5514606581 
54.4764276262 18.551399566 
54.4764366317 18.5513371048 
54.4764472063 18.5512844231 
54.4764424276 18.5512299859 
54.4764319935 18.5511799805 
54.4764179763 18.5511347397 
54.4764045438 18.5510768458 
54.4764027871 18.5510160686 
54.4764049377 18.5509613418 
54.4764076056 18.5509020323 
54.4764140384 18.5508472615 
54.4764340822 18.5508063886 
54.4764680099 18.550792059 
54.4765068469 18.5507807468 
54.4765450331 18.5507738704 
54.4765805073 18.5507822691 
54.476612673 18.5507854804 
54.476631971 18.5507601726 
54.4766547878 18.5507186909 
54.4766779444 18.5506796416 
54.4767032743 18.5506333094 
54.4767300544 18.5505944606 
54.4767569776 18.5505480086 
54.4767826041 18.5505087421 
54.4768114637 18.5504880844 
54.4768390277 18.5504735175 
54.4768725472 18.55046561 
54.4768992275 18.5504459856 
54.4769294178 18.550439684 
54.4769580941 18.5504238127 
54.4769842947 18.5503997002 
54.4770074227 18.5503661988 
54.4770309952 18.5503398925 
54.4770599631 18.5503092177 
54.4770967959 18.5502718564 
54.4771284914 18.5502423901 
54.4771594511 18.5502089703 
54.4771867304 18.5501766446 
54.4772133465 18.5501533298 
54.477239241 18.5501298003 
54.4772636259 18.550105223 
54.477273508 18.5500950767 
